AegisRAG Profiling Statistics
============================================================

Endpoint: /retrieve
  name: /retrieve
  count: 20
  mean_ms: 171.42
  median_ms: 74.97
  min_ms: 68.36
  max_ms: 1929.45
  p95_ms: 142.72
  p99_ms: 142.72
  stddev_ms: 414.1

Endpoint: /query
  name: /query
  count: 20
  mean_ms: 6335.11
  median_ms: 6520.21
  min_ms: 2273.73
  max_ms: 16126.89
  p95_ms: 9717.11
  p99_ms: 9717.11
  stddev_ms: 3313.68

Time series (retrieve): [142.72290002554655, 80.74799994938076, 71.58160000108182, 77.0002999342978, 74.5520000346005, 86.1867000348866, 72.24539993330836, 68.36860021576285, 81.48259995505214, 73.34999996237457, 68.35770001634955, 71.9586000777781, 71.49989996105433, 76.60689996555448, 75.3923999145627, 1929.4477999210358, 78.55599978938699, 69.24819992855191, 72.05639989115298, 86.98450005613267]
Time series (query): [4781.102299923077, 4661.836999934167, 6606.391599867493, 7814.872900024056, 7730.879199923947, 9037.268999963999, 8479.370699962601, 3722.0880000386387, 2404.868300072849, 3341.9852000661194, 16126.894899876788, 7201.123700011522, 2612.8587999846786, 4564.8848998826, 6534.795999992639, 2273.7309001386166, 9717.105800053105, 6505.620500072837, 3604.6951999887824, 8979.918800061569]
